100,
50,
-6079,-8162,-12139,-11859,-2860,-5907,-7559,-16380,-16032,-6752,11553,-15861,15085,-5332,2021,12664,9657,-172,-9724,12979,-12326,-11045,-9735,15879,6105,9664,16343,13342,-8385,2784,-12708,14842,5211,15098,-5117,13043,-6331,9305,13003,4384,4450,-1950,14731,14834,3374,6974,-4850,7054,-348,12186
7936,13798,-9906,-8552,6452,-6509,10700,299,1273,-2887,-6744,-8497,-7186,997,2835,-11135,-15799,-16208,9318,-2309,12558,-10609,16346,-2410,-7199,15707,-448,-1362,1605,2981,-6070,5617,-2143,12837,4551,-1851,-15863,9415,-14451,-10841,-15442,-14979,-8682,-15891,3792,-11775,2871,8553,-6537,-12866
-15621,-16105,11570,-4555,8445,4069,-2037,3562,-3070,8444,-7048,-7382,-12517,13864,-6621,-3140,12800,-5488,-2493,-4558,2921,-9283,13295,-2500,16028,14847,-7092,11,10179,13977,-11927,4991,-13971,729,-6914,-15412,-1516,4456,5798,-6644,-1835,-15512,-13776,-2616,-7746,-12084,-15342,-15262,-14117,907
5323,-1965,169,12003,3228,-16364,10473,10880,12638,-11550,-3360,6944,14388,15826,3752,-567,-3716,-5449,3292,14275,-8380,-8566,6856,8529,14703,3886,-6473,15950,-9363,-14378,5708,16341,300,-14954,-13990,10324,-5256,4471,724,9046,-9209,13725,15020,-12828,9401,-12340,8159,-10056,1693,-31
-5722,774,-1700,-5240,7901,5323,5502,-297,10698,-12635,2761,-8053,4264,-3617,-9143,11485,-11734,9358,-9799,-8171,-12284,5477,-10147,8145,11441,-337,-10561,-973,16161,-1045,-1313,12703,7487,-4171,7029,-8496,10168,-2311,12696,-13195,-6184,1166,-10695,13967,10211,9340,14749,13136,7615,14730
2616,-16017,13752,9865,-11425,-14589,3910,14687,1999,-215,10372,-10436,-7166,9065,1421,-13371,-10352,1471,14277,11458,-13726,-14820,7338,-13342,8799,-5091,-9529,10786,-4561,6894,-2841,-10762,-6550,-297,7016,8452,-12640,12220,-9055,-16006,11419,-14135,-11052,-5427,4756,301,9392,-4918,6393,-4175
10767,15550,11883,13401,-475,11792,-6510,-2992,2460,-15889,4020,-5943,9529,708,-7723,-7468,15459,-1362,11332,6152,5538,10233,8622,9658,16192,-12997,-14770,8328,13412,-11843,4402,-15426,-10765,12485,-14445,-4683,-6029,8479,-10051,-13308,-7829,10622,1728,2163,8447,-16103,12914,-12355,-12751,12740
1228,13199,-11795,-6366,-8030,-5063,-5413,10861,-16204,14744,3781,6392,11721,-13466,-1442,7507,5222,-1355,-11770,-7196,-6223,4773,2130,2714,-9799,-7899,14739,12307,7715,-13758,3368,-61,10188,2044,2351,-12097,3262,-9705,-700,-9751,9365,5654,16170,-16374,14442,12613,-4893,3858,-8925,-3223
14317,1433,-14223,-13685,-10583,13756,3482,-12079,14942,-15592,13374,10194,3815,-15183,15509,10024,10873,-14874,-8689,-1678,9562,-1197,-590,7011,-10877,-6977,7790,-15884,-5204,15379,-6572,4749,15212,8044,13737,-12522,-1560,-7696,-12595,-13464,2494,-2709,12880,-1130,9431,7181,-5388,8649,-1095,10816
-15785,-12120,6885,11012,-10989,8907,86,-7781,-7902,-15617,-10996,-15027,14309,-7374,12583,-8223,9862,1783,10532,-3336,-14483,5516,4035,7830,-7637,-7075,-10854,-15975,-5356,-4819,-3856,549,8612,-2671,-6737,10739,-1016,-13260,12022,-8617,6747,9048,-12820,6982,-8563,15051,-11152,-15361,-5062,5915
-12497,3401,-1849,-16063,1974,13516,13151,-5346,15850,6983,-12497,1379,-3288,10402,2052,2477,4165,-2062,10298,-11788,16379,-16001,-5866,-437,16256,-13630,-958,-13260,-12394,-6840,-15872,1713,9992,16214,-2137,13248,-11000,-14938,4085,1715,10780,2715,4442,10335,-9026,4414,-4402,-5843,-13618,-9385
-36,14034,-9532,-4561,8754,-14344,-6221,444,-14634,-10872,10859,12565,8909,8099,-3224,3840,2208,10175,14131,15451,-5170,3226,-12669,-6510,-11603,14115,-14575,892,3050,9771,13255,-15606,1202,9451,3578,-3201,-4446,11182,7568,-15737,3666,398,-11270,6143,10735,-11733,-14942,-1731,2712,-6756
-12827,-16262,-12624,-7103,-10560,9910,-5722,3355,-12685,16268,-11882,13080,-14608,13137,-8451,12260,-3314,-2109,560,-3476,-12447,10975,490,2027,5499,2042,8472,10764,-10350,3949,10866,-1077,5308,13533,-3941,5559,1340,-1763,8296,-4648,-14723,4025,6510,-13440,12390,-14330,-1545,1807,15121,-16366
-12411,-1569,6932,12418,371,1501,-14618,870,4509,15277,7511,8913,13131,16288,8377,-15370,6796,11001,-16274,-11402,-10028,12586,4931,-4852,335,-13435,-6619,1533,3882,-10619,2991,-10454,-6010,-2537,-11133,13841,-4795,-13499,1275,-9072,15570,-7668,-12492,-14707,-15731,3831,-2656,-11351,-7033,9827
10024,986,7805,4169,4968,-533,6914,7336,8640,2439,-11889,-9875,-2082,-6448,-13888,-11810,2742,-954,14733,6954,-13690,6493,-2294,6886,-15057,-1382,-9659,-7253,-7410,-4960,-15828,10691,15753,11596,12558,-12540,-3678,15164,-10284,6857,154,-10963,-15768,10150,-11713,566,6878,12837,-7330,10615
11263,-4545,-13633,5436,4583,14942,-11477,-2230,-50,5171,-6980,-10701,4482,-9300,-4689,-3855,7852,10731,-6473,-10108,193,-9579,12417,-8023,13742,10646,1042,2216,9016,10414,-222,-280,6374,2692,15559,7167,-10261,-14953,-799,-1272,13086,-6358,-3114,14478,15034,-5716,2261,-15151,-9298,-6406
-1587,-2961,-4887,4211,12909,-661,-2224,-4241,-12052,10385,5949,-261,-2606,6425,9778,2492,1870,-12195,2389,219,-2895,-12358,2382,15665,12775,4603,-9887,14519,-6742,15194,-9325,-5647,11505,-14205,3004,9792,2150,-10048,-4149,-4126,7808,-7772,5953,-3435,-5476,-437,-6805,-14667,4700,13767
-2384,-5427,8141,14403,1064,16066,8369,11561,11946,5494,-8045,8652,-10634,15551,6055,14017,13227,-4738,-6241,-9704,-10042,710,1768,-14128,3826,10721,-8808,9256,5927,-11786,-9015,-323,-1099,1087,1469,-1065,-15784,-6531,2498,-8060,-1826,-2171,7146,3275,-12604,-6928,9702,-1009,3817,-10988
-3829,-1789,3823,-8020,3388,14493,12602,9016,10958,-495,-12113,-280,2669,-3694,11,-14454,10857,15049,12094,2670,9289,7616,-5441,-1543,10925,13004,-7791,16012,9576,-13222,4230,10049,-4965,324,1225,-3466,6725,-4671,3519,-6436,-11310,-13346,13951,15834,-3196,13228,-12513,-1434,-782,-3251
12634,-1952,11434,-14529,-5318,5311,-4557,13855,6524,-508,4825,14041,-14171,8305,6625,-177,4055,11670,-14279,1053,267,-9245,-604,-6902,-11949,-809,-5648,-1654,11882,-571,-1293,-7252,-3359,463,10664,-15083,-10803,-10156,-11760,32,3004,-10622,-11944,15353,13966,-4253,5216,1412,4314,-11766
-6758,14164,-11887,-11599,-13575,-5653,5723,3725,3053,-9120,773,1381,5154,4084,9235,-14245,16203,16015,-2830,13488,-11820,10261,-7543,114,10406,-770,-9145,3913,-12573,-6134,-13875,-2247,4134,64,-13385,8016,7272,-8867,-1214,9515,8705,13090,-13441,-2674,9702,6797,-4467,-7226,9040,10308
-6672,-9854,12702,-4381,-14190,10204,10811,-3012,-2089,8412,3144,10886,10412,-1164,-4084,-3364,11695,11552,-2965,-4580,16125,5907,10446,-13589,-13057,-5437,2496,4611,-4786,5474,-11736,8606,-11149,2955,12572,7440,-884,4616,9822,-15890,-5287,5923,-12516,4904,3556,-15589,5755,9142,-1,8122
16224,5660,-9838,-11853,10418,8312,-4359,-3956,-4197,-5207,7532,5241,-2292,1404,-3340,-4821,5308,4823,-13325,9886,11964,3449,-2114,6813,8073,-10872,9542,-10688,-8934,5290,2501,10611,13081,-575,-3749,-1503,-6814,-4700,-1822,6698,442,11825,-4561,15782,15954,-2306,-7239,-14015,15194,-11923
11465,2267,14440,5228,7939,-16264,-6758,-13081,14255,11870,2456,-16295,-10496,8733,4054,1608,-14097,4682,10101,-6740,-5675,-2783,3862,11858,-9772,-11434,5037,9538,3504,6700,6485,873,-11172,-10640,13601,-7374,13671,-13080,-5795,6214,-6971,-16250,2432,7655,629,8897,6529,-12160,-6790,4351
-14177,10205,7434,-10985,10767,12990,11548,-2267,-5933,-13877,-1289,14483,7504,-14862,-4521,-1233,13412,-1926,-9083,-5629,-14130,7270,-11836,1332,-2191,-2913,-8121,13378,6687,-5933,-13960,15530,12500,2786,15159,4529,-7636,4457,-15451,-5997,-1408,-6642,-5896,15467,-7453,-5244,4255,8705,-14254,-12647
-951,-8310,7684,-4899,-7435,8672,14207,-14708,-7595,1439,-7099,-7632,818,16024,-9255,-8097,16309,-6250,5262,-14398,-5882,-12871,10718,-3259,13434,9685,8081,-10710,15264,-6314,15273,15598,-1116,7539,14629,-2106,-12853,-14590,5271,-15753,1915,1628,-9429,-9899,14650,383,2274,234,-2307,-13514
12084,-5772,9896,-10923,450,14650,1815,-13881,10069,1047,-14423,1208,-15696,2706,-4660,11104,-2533,15611,-10260,11729,-14362,13295,-8682,-16133,2477,3435,-13745,-4538,10551,8005,11595,-2228,-2042,7161,14682,-15602,11021,-10014,13076,11922,-15548,7005,-13574,-8722,5613,16358,-360,-3370,985,4523
14534,13222,8586,-6869,-14867,3033,-12909,-11692,-12138,3600,8967,7201,3819,-7381,-6278,-8602,-10635,-4525,-12534,3589,-15748,-11814,12146,-7568,2959,-12345,-10292,-9005,2840,12258,7175,-495,2344,1299,2120,-2867,5081,-8973,10828,13798,-10942,-13454,2051,-7467,408,-4852,2382,-11267,-6707,14772
6531,-12219,-11520,1901,-11804,-13894,5155,-2514,14747,-13854,-5795,10479,8542,7229,13956,5006,10173,-12338,-9192,10752,-8662,-7460,15127,8689,5278,-8790,7956,-12757,12231,4361,13282,12067,-299,4895,10121,86,-4008,6745,-16380,7945,-10533,6623,-346,6536,-2740,12197,-3146,456,-9100,8259
-6460,4318,-15369,1247,11861,6076,13143,336,1810,10647,-15847,16150,2946,-14483,11216,9417,1836,11430,15414,-13148,-492,8099,-4687,-14334,-13651,8286,15118,2963,13292,16266,-14808,14538,12552,-11766,2193,-7905,1343,-5607,-5697,-13177,8748,-3716,-2155,5807,5361,8868,88,-4452,11803,-8174
-342,3765,-8594,-8847,-4765,-15298,7585,1491,-16011,16146,4579,3392,11917,10033,-11516,10412,-1967,-7620,-13570,13305,6317,-2937,15383,-12815,-1815,-2427,2401,8849,13751,-7807,-11619,9937,14944,-15616,701,7963,3494,-9019,-1205,-2770,3277,14152,12750,3623,-4759,-6950,3752,4655,8488,15378
4406,-11726,6266,-11106,8277,3071,-10962,-397,5198,-13004,-10761,4818,-2309,14498,-7877,-11367,-12625,5389,-3094,-3970,-14090,-2415,1400,261,-14540,6142,-2301,-13889,4112,-7832,-15595,3224,10836,-6221,-707,11251,8753,12067,-4691,-6488,5177,-5386,3742,3289,-15182,-6227,-2293,-9268,7081,-4961
11601,3413,2312,-14580,15350,-8716,14003,-1493,158,-4475,12467,1378,-9912,-14259,706,-10354,7097,77,3434,-3744,-13291,15057,-13801,-1889,-5563,-14684,108,-2961,5309,-1985,-16189,14760,7363,15364,2592,9804,10726,14644,-13776,-10760,-11482,-12170,-11855,-726,9872,2584,4407,6664,-3357,-4118
-15984,11963,14669,-12964,7416,-12200,14216,15221,-6652,-6607,-1303,14432,-1793,-1378,-1631,-46,-3483,8618,6577,3670,2876,-11098,-15750,15415,10099,16084,-13015,3783,10300,-13868,-9628,-16012,8904,-15972,-6252,2751,-1331,7902,-7282,-6542,14319,-4637,10072,-4114,14713,5015,-4838,6919,-10901,-10601
-12712,-6722,-1381,6030,-13014,-2312,-7522,-14657,5063,14258,-3181,11169,14917,-12211,-7886,-288,5182,-15721,2449,2699,8070,3112,2987,-2806,-9423,13843,-7323,-13000,-8871,-15200,-11193,-3260,-6861,-15514,13010,-14406,-6573,-13229,13180,-6515,4184,-14124,15582,-5129,-5202,-14664,7691,-11315,8734,-12031
-9380,14798,-6795,11463,10104,4133,-8397,929,2276,-3427,6733,9190,7912,-5250,-8790,4473,-6509,7555,-5581,9673,874,-2071,13934,-5717,14206,6402,-13549,8139,12549,9815,531,949,7962,-11290,3193,11103,-14091,6548,10179,14914,9014,4396,15769,-8069,-4395,14113,-15551,9340,-14916,3730
-3558,-4129,-3077,8814,9441,362,-11110,-15236,-6202,-15681,-12126,1989,-5895,8523,16262,-15063,-8536,12901,-15201,-1316,-1013,7050,-4115,4135,15806,-11665,-6209,2763,1572,3793,-556,11131,-936,-2977,1406,3665,-15653,-1017,11847,10916,-6355,10697,-15770,9761,531,-965,-13878,-13994,6275,9730
15649,3469,-1860,-4389,-11075,1905,2518,8499,-4777,14632,12218,16292,3055,-10393,1566,5773,-15685,-8641,15282,-376,-3530,12817,15756,11033,-4048,16138,8999,-11774,-11374,3405,13674,14671,-7600,-9451,11097,-13742,5171,1880,-2969,1109,-9755,12015,8695,16056,2191,14922,-15500,-4844,-489,-8560
3862,11747,-4015,7522,553,4445,-15841,-3893,-2348,-14070,-4203,79,891,-6622,15796,-16207,-241,8293,15128,-4308,6500,-3943,10924,-5452,8215,2779,5228,13237,2437,-13116,10241,13309,1935,548,-4989,-1854,713,9065,6269,10284,13195,-5713,13117,-7436,-1324,15899,10568,-1245,12298,13473
3574,-2788,-14647,6310,-249,6743,8945,-11684,-6997,-9960,7133,9007,-16098,3280,-1811,-3060,4278,-5159,-7850,11899,-1296,5457,-5796,4608,11820,13591,-2477,3628,10967,-7464,-16183,7648,-12607,13428,684,15348,-6375,-166,13284,42,5301,-8230,12666,3745,-7750,14687,-9944,-15017,9433,8591
-3197,-8781,-3557,3627,8732,-14682,5287,-14544,2672,13089,2428,-5202,13650,2655,-14147,-6324,4252,15973,-15668,10054,12050,12000,-12696,2571,10325,-9020,-15265,-1257,-7491,-14338,-5669,534,16140,-222,-11431,-6555,-12873,-3000,-1099,4013,-108,8482,15537,575,-8121,5298,7786,7499,8527,5731
9544,-281,-16103,-13623,6618,9390,-5404,2776,-6643,-15010,4757,-13703,8155,-9394,10879,-6963,15646,16184,16372,3430,-4251,-13482,-9499,-12423,4098,-6432,15767,-9018,15117,7975,10942,-5126,-7812,3640,-4318,3153,-3396,-4347,3220,5441,14124,-3919,-13219,-5218,-15018,710,141,-1259,-6521,6295
10587,-445,-10395,7986,-13461,11918,-11607,11019,-14946,-10273,-12995,-11047,-7667,16075,-1965,-11024,-15366,15068,5710,7415,2533,5585,9039,-10318,15570,-4115,2452,15169,3850,-12878,-13157,14967,14943,-1586,15597,14790,-8125,4984,4857,-10005,6789,-46,-2555,9774,-8639,-1087,5649,2445,-7412,9235
-10424,4733,16280,-3824,-13831,-10052,6024,16265,5287,12200,12794,-458,-5206,-10761,9314,1640,-9341,-6104,4205,13342,-1616,-7805,9943,-12915,15883,14764,16135,-10665,15624,-12007,5477,2952,-6417,13179,15155,-5574,-8236,12814,11183,12532,-9938,11931,3366,14139,-13749,-975,13967,-10337,-6633,-15320
4474,-12952,-9304,15454,6222,3813,10362,-13037,-1062,-3641,11660,15017,-4640,-6334,5284,-3064,9289,13055,-3867,3192,-7820,-2532,3458,11534,-10100,4999,-3273,-7562,6198,-12588,11351,-4293,-10616,-12876,12898,14187,14599,-3679,-14360,8742,12811,14733,9976,-12336,8233,-11038,11117,-8010,10865,14650
-12861,6388,1216,10469,13825,-3982,11331,12134,14472,-13003,-12032,11636,-4457,-2152,5446,-6282,15118,-10746,-2567,-4644,-1749,-5301,-9805,-5769,-10662,9505,3197,11201,-3128,-15914,5906,1358,9197,7069,-11490,13225,-3800,-8720,7802,13602,-14730,16273,-15329,15228,3119,14846,5083,-7241,-9356,-8577
16134,5491,-490,-14968,-11593,-14434,-16256,1315,10538,-8981,2675,-11125,-12244,-7497,8313,10919,7963,1932,-2532,-5307,-11355,-12679,13381,-607,5969,9773,12372,11595,-2124,11207,-187,-11140,-5657,7660,-6734,594,5183,355,-2765,15362,3465,6801,6706,2395,9986,-4708,-168,14707,10527,10607
2328,1376,-9713,-2509,-2502,13452,14460,9191,-10691,15107,11381,4430,-8766,-11135,12652,2185,-11700,-12006,-14877,10101,-11947,-5882,-13324,-7593,-316,-15842,11898,4154,16327,7635,-6184,-2325,14560,-11869,2731,10582,13617,3206,-1225,-15576,-9194,5917,-8376,-12099,-1025,6666,-5490,-9149,11337,13650
5178,12254,-1935,13515,-7012,6698,1234,-10450,-2436,8254,6714,9652,3273,-13585,-6217,-3195,-400,-14865,9589,-1547,12624,-8272,-845,12468,-6358,-5311,-10187,-1848,935,12611,-2188,-8779,-10645,640,1018,-1240,-10643,-7757,2198,4454,6463,-11998,-7912,-7019,-9461,5613,-12306,-386,-4944,-6287
397,14661,8470,4394,-14065,14310,9054,-5693,-13710,-3701,-11259,2158,-12342,10179,-13913,15884,-7683,3249,8359,12869,10429,-1289,11587,1174,221,7976,15974,4625,-7850,-11099,-3523,-1596,3274,-2997,-12749,-13781,9037,-3038,15091,9302,-10721,-4644,-11803,1008,-1647,-3140,2224,7017,-7851,4243
-7594,-6093,11954,-5178,3777,-4892,-8539,1219,4705,-2156,-6196,-2227,14101,8494,9565,-12047,-1035,-8610,-7748,-15073,-4074,8591,8996,-1454,-7278,-8375,9568,15234,-15024,-9062,-10095,-372,5543,-7895,14680,6850,3915,-8000,-11943,23,-13069,-7691,-256,-12552,-9848,-15280,-14486,-14747,-1636,-11902
11166,-717,-837,11287,3841,-4379,15635,5117,7501,-2673,-7669,6884,12610,9791,16048,-8248,5471,702,-12233,2916,16307,-239,5422,-16216,15727,1255,13450,12054,15670,4489,7192,-9096,7402,13836,10737,-5041,4323,5980,3929,5108,-11810,6939,-4920,14481,-2001,12570,-3174,-2974,6192,-13606
2505,15851,2177,6019,-10146,-15613,-2315,5987,11472,-8284,-12314,-3909,-4202,15299,-11030,7150,-2991,-9563,46,9962,13230,14121,9406,11287,5756,-6687,2323,-675,11021,14705,-1507,-2124,10895,-7168,10903,6275,10593,3349,-9248,9861,-12196,15062,11904,14962,3007,3139,-2261,6847,-9975,14037
-13722,16022,-13309,13950,-2295,11950,-3019,5953,3521,-15325,8842,-7869,-6613,-870,13476,-7374,12806,-2495,5452,5332,-7753,-1482,12869,13858,-8113,-14667,-10729,-14469,-11552,-9465,3559,1677,-10750,-4753,-6353,158,-14532,12752,16075,-11473,5346,-820,-2507,-3459,-8114,-254,-12492,-9169,-6049,-3190
-14704,-9943,-7502,4401,1040,2535,2028,2870,-2971,604,-8959,-12421,2619,6654,-4453,-6790,8549,-13832,1945,13508,-36,8276,13851,331,-11325,-4186,-8569,-7608,-10395,3451,-12895,-170,10994,13540,-10204,-6667,7820,-10992,-12538,-1825,-6517,-3491,1959,-15853,-9252,14677,-10198,9789,-10196,7319
-14315,14291,16047,-14498,11594,10796,3488,-10618,-3548,-5250,3490,-5784,-1238,-10088,12742,5106,-7926,12247,-15282,-13276,14107,14692,11866,-8720,12890,-220,146,-11253,3324,13822,10954,4947,-3060,614,14112,-10761,5572,-7138,-10561,-10634,14501,8994,-9412,10291,3541,-8724,-1243,12609,-1825,-12545
11823,2225,-4517,2926,9043,-2617,-11728,12305,117,-15326,-5733,15315,-8266,-3721,8164,10630,-5070,1376,-8138,-14239,11152,-15652,-12055,-10162,-15477,-10145,7447,4901,14262,-4040,-15947,11123,-3363,-237,13213,-13922,-6308,7596,-1400,-14656,10058,12997,-5643,15384,5331,9681,1551,7842,-6087,-15278
-14919,-8026,-1365,14941,11909,-3767,-10192,11797,-14315,16041,3394,-6283,5128,397,-13660,-15783,-13199,-1966,7173,-10306,-9141,4338,-2470,1157,4666,-4539,-8433,5227,-10817,11665,-5147,-7709,-971,-14313,13759,1729,-11215,-14192,10347,435,2891,-10584,11080,-11764,-11618,-3260,-12098,-6947,14666,-5178
-7931,-3683,-5071,-8474,8312,309,4263,13107,6252,-11170,-11303,7738,-8571,14787,4357,-10918,-14287,-5748,-13656,15525,-9562,6441,10823,5835,10834,12153,10182,9181,-1097,198,15776,11277,-12602,-3084,830,14805,12625,3729,5029,5765,-3924,4851,-10968,11449,-5764,12480,-1553,10757,7178,9535
3199,14936,-13150,3574,2099,-15345,8991,13280,7096,13635,8741,8818,13312,-15415,14450,2142,15356,-4765,-5508,-10272,9132,15734,-3866,-3058,1040,795,14630,-14750,-16071,-11142,-4274,12327,9960,16308,1249,11393,-16338,-11566,14845,-12400,14857,-5478,5990,4964,2063,-6146,9794,-907,-8496,550
-4332,-2587,-5196,14470,13409,11776,-1221,-11190,16298,-928,-9737,-12516,6255,-2686,9749,-3740,11929,8454,1044,2477,881,-8938,-14951,2751,-1700,-1367,15130,-6461,-7048,-7333,-12774,-390,-1918,4259,-234,-7504,-3008,-2385,-10460,-14540,5698,3484,-4334,-8406,266,9397,-12546,-15171,8807,2960
3858,-11863,4465,-722,6765,-9265,13268,-7178,801,-7670,-9035,14408,-12792,-9827,9423,-9391,-5867,14978,4037,10012,-4317,14188,-1069,-14275,-6113,4596,8022,6889,4763,-1143,12354,3803,16082,13121,14382,-11592,10565,-14928,-2106,-12480,-6204,-7039,15584,40,7414,8120,11427,-2879,-3310,-1871
5613,-7572,-2860,-6155,-14016,-5577,-129,-12845,-12483,780,-60,-1387,7001,-15074,625,14787,8914,-9874,13230,-11093,8479,-9121,-14750,-13566,12765,-4367,394,-5191,2361,-15634,-5918,6206,-6798,3860,-7823,16119,16339,11226,-8739,5865,20,3917,-5883,10690,-8983,13195,16197,11581,-1476,-12114
6091,933,6129,-13077,11794,2662,6683,-16297,-7152,9122,-8288,-5695,-15702,-4566,-11658,8226,-8071,-2437,229,4077,-3513,654,7636,4568,-7131,-1538,106,-3849,13297,-6287,5897,4710,15041,14009,7582,-6636,3312,13148,13557,14468,15564,14108,-5104,-10650,1066,9721,-13313,12096,2873,5772
3914,8876,3515,12559,-13309,-11573,-4179,7046,-7403,-4714,-9684,-14984,6491,-3823,-4178,-3043,-2498,-14877,1734,7047,6450,4353,7771,14644,-10291,13163,2672,4671,15654,-4845,-10334,-15426,14809,-12631,2434,8593,5316,7688,1466,-7875,-5977,8315,14286,-2708,-4952,-8968,-8461,93,6537,14646
-5078,13474,-8488,4731,12161,4770,2831,-8142,-12837,-16325,16350,-4398,-6819,14200,-5904,13688,12573,12141,1988,12662,11687,4540,11815,-16103,6826,-11378,960,3845,2547,-4135,-9609,6541,-3288,11172,-6307,-11562,-15200,-7485,13461,-5861,-7443,2628,-5428,-4050,8671,10193,-9120,1105,8259,-2931
-12521,-10399,-3327,12131,-1977,-2517,-3139,-3572,14350,1277,-8526,16283,13387,6167,2650,-7991,10049,-6442,-12606,8583,-433,-15353,2964,7356,-3259,8721,-12091,7235,-10364,6685,11059,-7011,-1884,16318,-13938,-10543,2058,15228,3911,-16050,-9544,-12059,12023,-10969,-9204,-5802,-883,-1960,-15823,-70
-10029,-7725,11720,-2936,-2629,13920,7552,3709,1078,13972,10973,564,7537,10961,-1063,16149,-8043,9677,13429,-13504,-15969,5461,-11284,-2474,-6118,-13393,5781,2963,-14768,-4178,-10362,-1087,10672,-11901,-14062,10506,-15515,3834,222,15905,-11931,14998,7292,-5759,3622,-14063,-13207,-8080,10331,15194
-12124,11658,14097,10408,92,-6645,-10888,7953,-9446,-14074,2625,12188,-4691,-12788,14152,9484,7861,-8775,-6692,12755,4415,7863,-16034,-13950,-3333,8171,-6562,-350,3898,3101,1764,15754,-1100,-13670,10966,-15850,2914,6022,9742,12726,-5357,2044,8203,10589,426,3272,-8946,11503,-5114,-4411
2073,3708,-11176,-11252,11378,15459,-1505,-6022,-6410,-7091,16233,-4425,-105,287,-4041,1833,-4047,1820,3379,-3684,-1855,12419,11180,-5327,9693,9667,4771,-9173,-930,-9687,886,2093,10951,-4805,2388,13497,-9915,12989,-1445,-5510,-13550,-496,12259,10248,-6304,7317,-10872,-12577,1427,-8207
-15549,9876,1375,687,6473,899,-1769,15821,-11133,14494,-3918,3762,7235,-10444,5381,-13480,-10249,-9204,5988,-3384,-4179,4009,-5226,15293,14821,14666,-5063,-10260,13068,10502,13799,11383,2799,8569,-9019,-2188,15337,11586,-16101,7430,13175,14374,11197,419,-13278,-15448,-16138,12529,1904,5435
8547,12934,-14052,8730,-11537,3274,-5578,-1764,-2521,-3948,-10795,2433,-4132,8427,3229,-5728,-4936,2057,-3280,5528,7527,12694,11574,9877,-16307,-8803,-10465,3980,-696,-7964,1959,-11164,16106,13907,-8831,11448,-9808,9602,-14159,10912,-14901,-8437,9769,3832,14843,-4211,108,12267,-12687,8921
7651,3390,-13655,-3798,-9560,-14379,-15659,1089,15890,-8784,15479,2411,5776,15924,13244,-15291,3043,-10303,2873,4241,-970,2054,13914,9688,-12240,-5325,-8881,16213,-13363,-8774,10097,-16038,-5336,-7509,3016,-6014,-875,-2033,2346,7906,-4898,-15360,15129,-10593,14682,15180,-5267,1389,2329,4820
4081,-1727,4465,-1909,-5106,1397,4851,-8766,11083,6048,-821,-10033,-11306,98,-431,16340,-2460,6456,8513,7852,8655,4443,-5832,-10102,16045,4040,-786,-10212,3269,-12206,59,3901,15869,5458,8945,-6516,-6585,5430,-4835,-10952,13506,7775,-7070,14627,-2255,-1853,2556,-11838,-8953,-12048
13134,15903,-16057,-7412,2060,4032,-14682,245,-15622,-3902,11070,-4253,3396,-15748,-13084,-13076,-8367,15693,-7812,-8417,-12481,10224,15933,-8630,14185,-14631,15522,5844,7931,-11575,-2639,8296,-628,13288,7742,-15090,-9296,-14308,-424,5154,862,-7451,-3420,15495,10942,4240,12783,2027,10237,7306
2192,-3615,-14455,12828,15758,-237,5344,-4448,2641,12685,4118,-10947,-2259,4858,10970,5136,-2115,2678,6539,-15323,-14490,-6484,343,-14188,12542,-10837,15606,375,9719,-11865,10380,-6957,-15441,-2603,-3925,-7094,974,-15719,9074,-10445,16076,4299,-8614,-9756,-3060,2607,-8443,7738,-6590,14717
14041,9189,-11202,2141,-1446,815,-13316,-7717,-16372,4919,-9603,13300,8140,-10339,-2479,15298,-527,-12007,9079,-15128,9205,4696,5844,3659,16066,1508,1943,4725,-544,-14187,361,-106,14716,-12798,-9196,-6371,-4247,10869,-8944,10731,-3506,14817,-12981,-5537,-1208,-3474,-10533,3630,-6163,-15410
350,14608,14134,-1435,-10087,6019,67,9143,13845,-5194,-4232,7691,8852,845,6872,15757,13128,460,-7682,-12726,7141,-10695,8856,871,-13691,15409,12765,-3514,7983,15521,-12285,14457,-11806,-14231,11104,3246,-10471,8285,1267,15447,-11436,-3753,-9042,658,13410,-6558,-2967,4131,10708,3663
-8983,9471,-9924,-9183,-6105,12543,3849,-404,-8184,-3395,-14622,478,-6631,-9280,-5595,2258,982,13379,-8165,1600,5301,-7466,-16362,-13967,-16,-12211,13562,-7153,-537,8020,6427,162,-11473,10732,8799,-11952,-14837,-4444,4429,-14558,-3957,1308,14859,3109,14430,1420,4870,-8976,-7162,6520
-8208,-11862,-9652,-2226,-4984,-13453,12107,12085,9736,-15611,-4061,1503,13589,-8640,13480,-2111,-7704,12254,-6848,4864,12715,15331,7123,13864,-14719,6682,-3744,-13807,6556,-14165,-15918,-16356,-11047,16078,2308,14927,4633,1648,-1870,-6051,442,-10660,4309,-386,-615,9750,12634,-2612,-3204,12587
-8817,11534,15694,12355,15735,5074,5978,-10563,3579,6731,5542,4542,12951,10824,8333,1141,-356,13029,-14282,-16226,13395,11116,13380,8618,-8188,7158,12391,8386,1440,-14675,-4733,-3559,4919,-785,10903,-8605,12100,4123,12402,-12679,13005,-3801,-1522,-5,9020,-1718,-6729,15381,-745,13048
8676,-1230,3065,156,-8397,-6709,-12745,15845,-12838,3518,12749,-12309,6593,-14324,-2172,-16050,-11844,-4274,11233,1056,10806,125,-1610,-3168,3203,-12956,15803,11493,-13578,-14036,16044,-2357,-11981,11731,-12662,7077,-5048,-14941,-15563,14366,13894,-1365,14360,-3140,13650,388,-16018,-8364,-8346,-7879
15883,11086,-5049,897,1900,5016,-11942,10786,-4996,8318,5318,8506,-7876,-4748,15515,-13690,6778,2244,-10235,3303,-4515,-1019,1482,-244,-14846,-1285,13858,15509,8427,-559,-3915,-6450,11196,12944,-2537,10934,-4042,15270,-1552,-6778,14160,16106,14969,9730,-14568,-15983,-1659,1931,3202,1480
971,-2402,-6044,-5349,2229,4320,-9649,-14037,-5548,3407,14557,10163,9045,-1727,-2475,-15427,5380,-981,15289,-9932,10188,3452,7019,-3144,2909,-13240,2116,-742,8293,-16063,-1394,-2401,1200,12604,-11417,-12382,-7154,-15999,-9832,-143,-15407,-13750,1940,-3226,6639,2871,9666,13481,13869,4835
-11377,6489,-1949,5664,-2884,-11940,-8496,4409,-480,-7906,-10115,14989,-4288,6314,5285,11542,-3713,4716,-5191,10572,11890,9890,5460,-17,6257,4256,-8515,-14105,6853,15395,-3564,-16024,3884,-11075,10696,-2322,-3323,15186,-11735,-4723,3033,7143,-12942,14775,-4575,2482,-14208,-16274,-12272,8347
-4600,16120,-11799,-4498,-2603,-8809,-15899,-7511,2290,6295,12602,15690,15525,-4660,-15028,-8977,9022,5779,-7349,-14137,-7233,-9263,-11116,4052,-390,-15794,-8134,-1819,-10780,13296,8671,4707,-4413,4085,-6278,-1513,-11699,9968,-12306,-4538,-352,1532,-14772,-3922,-4216,12703,12886,8824,-8882,5263
6282,-3402,-4430,13601,-9247,1960,-2413,7161,14943,5448,1027,-10390,-10140,-5690,10579,-1955,-8162,12511,-6246,7414,8185,734,11374,10270,10857,7368,-6149,-9762,-9436,-4796,207,-1093,10982,15385,-9503,-13061,-7474,6042,-10015,4283,10737,2813,15620,-13255,9182,4998,8673,-1536,2681,-3462
-2986,4415,968,7306,-1316,-5002,4747,14209,-5787,9436,-8720,1033,11261,-13357,-1057,-12838,-5963,10010,4587,14653,-12277,-6762,7330,10850,-13037,-6169,-13864,-424,11737,-4443,-10734,11856,-10702,14882,-4628,6721,-1337,-8244,16000,-15598,14157,3083,-4634,-1827,-8528,-6851,-2922,1787,2853,-1483
-4119,3171,-1813,-11458,2602,11242,-12543,5390,9462,-9638,16232,-15746,8557,-6167,-7648,1515,-2516,8879,-12445,11394,-2441,-10493,-9653,-4187,3604,7574,-15383,-5554,4430,-5883,9059,4769,-8099,15711,-1514,12273,13977,-12901,-9721,-15065,-15476,-4201,4641,10660,15947,-3654,-7592,-6992,9917,13244
-11474,-7544,11783,5819,9969,-8521,7462,-1042,8652,-11114,16349,6646,-8125,4224,13164,-5370,7433,13411,4783,-3111,8527,6933,-10573,-7931,-8418,4310,8019,-8598,-159,8772,-7596,-12036,4269,15906,8316,7685,-16151,-6766,-14707,5886,-9098,14547,2858,-15299,-8666,-7899,10267,-8153,-8342,3204
7879,223,-199,-9886,5909,12806,-858,-11779,14284,-3462,-123,16091,-4858,4403,7881,2908,9959,-13092,-6253,9522,-10206,-745,-13110,12720,5847,-3821,484,-693,9049,-282,-1180,-15491,13292,3838,7434,-6234,6477,-8499,9987,-765,8415,4098,-12832,2857,11455,10025,-14099,13972,-3532,12172
-1685,-15017,6074,12459,-1373,12642,2766,9581,612,16255,2838,-14401,3358,6521,11115,-3971,-6198,-7836,11544,-4387,-5405,11025,15380,3837,-12909,-9626,-14383,-7289,2504,8459,16046,-4579,3287,-16124,14116,3986,2445,927,3326,14199,-10000,-3579,4007,6113,9852,-5663,3316,11400,-10609,13032
2085,3039,11262,1157,11432,2995,4006,8759,4428,-2056,-852,-13969,5510,-12086,-927,9683,6079,-11524,-8499,-14294,11511,-7518,-12785,2388,-7850,11082,413,-14300,736,9076,-796,-13839,-8511,-14691,11915,7834,-4398,-6591,12138,-14649,5167,451,827,-3823,-3370,8230,2639,9630,8838,-2081
12694,-14526,682,-8863,-9257,-14311,-12374,1464,-3871,13361,-6383,-7258,6922,5491,5082,-13229,14374,3591,15416,-13588,-16154,3227,-5442,-10888,11780,-11465,15359,-15858,-4672,12608,-11255,3415,-16098,-1272,-14955,5864,15291,-5819,-3547,15150,4860,-10052,-5626,4236,9122,8938,12228,11563,-10934,-13602
2507,-12347,-7060,-15790,711,-11849,13639,14923,-1865,6233,16306,10868,7235,-14988,1688,-8156,16042,595,-6946,5637,1047,-12077,6980,1405,11644,2611,5195,7858,1703,6918,-201,14916,-16145,-13925,-8560,2922,8929,-13633,9071,13924,-11461,3213,-5177,10061,-2584,11030,11187,-15099,2986,-14904
5053,7542,1286,7972,-3548,3679,-4664,-8717,-7083,1607,-3577,3547,-6850,14311,-8644,-436,-1627,5532,1943,3527,-1147,13153,1055,1288,11390,170,-7247,-4917,-9046,4719,2996,12493,-16043,-3497,-1201,-3090,917,3595,-11174,9380,-1413,6120,-8745,-15114,-8920,-11007,6503,9788,-5100,-3231
15796,-9472,10044,6700,2385,-4294,9358,10431,-10,-5357,7236,7631,-14650,12613,-899,-14558,-7559,15078,7245,-3436,6283,-14988,11795,12853,12587,-16300,2599,-2764,-1108,10885,-2432,13780,13278,7867,-5214,-11222,-4323,-11917,-11509,-5723,4956,-10029,853,14032,-11009,7384,709,-11986,-6467,-8633
-14921,-5703,-5098,1211,2915,680,-12909,-13122,5730,-4765,-5226,-16068,6558,14875,15032,-632,-5641,14887,11528,-11575,-8345,-15159,-7786,14421,5414,-9910,-865,-5787,-11730,7875,3443,-7919,-2730,8822,-8732,29,-16175,-11647,-8761,7049,5247,-2119,-3414,-14294,6891,3844,12450,16081,-1355,-6932
-16258,-6039,16309,-7063,6088,9560,-3291,-8681,7420,-7565,13396,-2426,8852,-932,-2755,-11561,-4178,86,-6019,-10272,1415,-16118,-9245,4070,2148,-14997,-4130,-16038,15751,-8168,9570,4507,-14526,7303,12370,-10850,-12569,282,15600,11097,9844,-5180,-4076,10400,-3237,-15548,2468,-14721,10488,6285
10290,12519,-12097,7680,-9657,-6831,-4317,8749,5978,-2259,9922,-10488,11122,14450,3394,-7614,15577,13779,6192,14955,6522,-7260,-2916,4494,-10980,-7975,5035,10655,-9400,12963,-13152,-3467,-9297,14050,-2238,411,-12452,-7392,14893,14634,-3362,8818,15609,-766,-2980,3667,-15391,-16058,9982,-11943
